5.000000000000000104e-03 0.000000000000000000e+00
1.499999999999999944e-02 0.000000000000000000e+00
2.500000000000000139e-02 0.000000000000000000e+00
3.500000000000000333e-02 0.000000000000000000e+00
4.499999999999999833e-02 0.000000000000000000e+00
5.500000000000000028e-02 0.000000000000000000e+00
6.500000000000000222e-02 0.000000000000000000e+00
7.500000000000001110e-02 0.000000000000000000e+00
8.499999999999999223e-02 0.000000000000000000e+00
9.500000000000000111e-02 0.000000000000000000e+00
1.050000000000000100e-01 0.000000000000000000e+00
1.149999999999999911e-01 0.000000000000000000e+00
1.250000000000000000e-01 0.000000000000000000e+00
1.350000000000000089e-01 0.000000000000000000e+00
1.450000000000000178e-01 0.000000000000000000e+00
1.549999999999999989e-01 0.000000000000000000e+00
1.650000000000000078e-01 0.000000000000000000e+00
1.749999999999999889e-01 0.000000000000000000e+00
1.849999999999999978e-01 0.000000000000000000e+00
1.950000000000000067e-01 0.000000000000000000e+00
2.050000000000000155e-01 0.000000000000000000e+00
2.149999999999999967e-01 0.000000000000000000e+00
2.250000000000000056e-01 0.000000000000000000e+00
2.349999999999999867e-01 0.000000000000000000e+00
2.449999999999999956e-01 0.000000000000000000e+00
2.550000000000000044e-01 0.000000000000000000e+00
2.650000000000000133e-01 0.000000000000000000e+00
2.750000000000000222e-01 0.000000000000000000e+00
2.850000000000000311e-01 0.000000000000000000e+00
2.949999999999999845e-01 0.000000000000000000e+00
3.049999999999999933e-01 0.000000000000000000e+00
3.150000000000000022e-01 2.570089569197044218e-04
3.250000000000000111e-01 1.690063001972147818e-03
3.350000000000000200e-01 1.227093730219718480e-02
3.450000000000000289e-01 3.749516699278722387e-02
3.549999999999999822e-01 8.235971318519855200e-02
3.649999999999999911e-01 1.734287696430986958e-01
3.750000000000000000e-01 2.495376048106058009e-01
3.850000000000000089e-01 3.511583251078643220e-01
3.950000000000000178e-01 4.522698236195555888e-01
4.050000000000000266e-01 5.553735327142587108e-01
4.150000000000000355e-01 6.765654097624524965e-01
4.249999999999999889e-01 7.710456994278532816e-01
4.349999999999999978e-01 8.597274661687522856e-01
4.450000000000000067e-01 9.548169564814346089e-01
4.550000000000000155e-01 1.041547729103354358e+00
4.650000000000000244e-01 1.131337976920244737e+00
4.749999999999999778e-01 1.219957655436013866e+00
4.849999999999999867e-01 1.297671728977226158e+00
4.949999999999999956e-01 1.356620537933749260e+00
5.050000000000000044e-01 1.406328792756331048e+00
5.150000000000000133e-01 1.465133515620860027e+00
5.250000000000000222e-01 1.468052380810605850e+00
5.350000000000000311e-01 1.460910264264627889e+00
5.450000000000000400e-01 1.450122148127265698e+00
5.550000000000000488e-01 1.428558130028767970e+00
5.650000000000000577e-01 1.417105738888464250e+00
5.749999999999999556e-01 1.389611725019730404e+00
5.849999999999999645e-01 1.352794843888772247e+00
5.949999999999999734e-01 1.313829158620640092e+00
6.049999999999999822e-01 1.261211059797745060e+00
6.149999999999999911e-01 1.221339564256284982e+00
6.250000000000000000e-01 1.191188267203943774e+00
6.350000000000000089e-01 1.135624680547701049e+00
6.450000000000000178e-01 1.096332709589645127e+00
6.550000000000000266e-01 1.053007449722694888e+00
6.650000000000000355e-01 1.032072807444432749e+00
6.750000000000000444e-01 9.895175010205459198e-01
6.850000000000000533e-01 9.609465761724280686e-01
6.950000000000000622e-01 9.326480644636913064e-01
7.050000000000000711e-01 9.004258389801138573e-01
7.149999999999999689e-01 8.814020711222722015e-01
7.249999999999999778e-01 8.779737430179834767e-01
7.349999999999999867e-01 8.524994554238781719e-01
7.449999999999999956e-01 8.625758968642281976e-01
7.550000000000000044e-01 8.547318671062069662e-01
7.650000000000000133e-01 8.596384121921604171e-01
7.750000000000000222e-01 8.533933420358916777e-01
7.850000000000000311e-01 8.681271262938917710e-01
7.950000000000000400e-01 8.735013340457979947e-01
8.050000000000000488e-01 8.764925142557721260e-01
8.150000000000000577e-01 9.061439096752685884e-01
8.250000000000000666e-01 9.036076328637673294e-01
8.349999999999999645e-01 9.188191606279358936e-01
8.449999999999999734e-01 9.360620991598073148e-01
8.549999999999999822e-01 9.463208429320454362e-01
8.649999999999999911e-01 9.652653142983107504e-01
8.750000000000000000e-01 9.702768550148841431e-01
8.850000000000000089e-01 9.904465750819038128e-01
8.950000000000000178e-01 9.997350036681280638e-01
9.050000000000000266e-01 1.014787936939339108e+00
9.150000000000000355e-01 1.019656672619163817e+00
9.250000000000000444e-01 1.027983522766630298e+00
9.350000000000000533e-01 1.028954688351542801e+00
9.450000000000000622e-01 1.031825201277145387e+00
9.550000000000000711e-01 1.034266582962701353e+00
9.649999999999999689e-01 1.045533007033484063e+00
9.749999999999999778e-01 1.053036745927304674e+00
9.849999999999999867e-01 1.045354030156882663e+00
9.949999999999999956e-01 1.054690601198376099e+00
1.004999999999999893e+00 1.055067256391283070e+00
1.015000000000000124e+00 1.056462164198057385e+00
1.024999999999999911e+00 1.040342715320577538e+00
1.035000000000000142e+00 1.044835114143098043e+00
1.044999999999999929e+00 1.035653800352157150e+00
1.055000000000000160e+00 1.037400694974389248e+00
1.064999999999999947e+00 1.022507706786955683e+00
1.075000000000000178e+00 1.031711102466062346e+00
1.084999999999999964e+00 1.015965801571882654e+00
1.095000000000000195e+00 1.017488336131299853e+00
1.104999999999999982e+00 1.012669672519793451e+00
1.115000000000000213e+00 1.003715560095610915e+00
1.125000000000000000e+00 1.000641274842337891e+00
1.135000000000000231e+00 9.966479363169900019e-01
1.145000000000000018e+00 1.000285969882358517e+00
1.155000000000000027e+00 9.969961249521832602e-01
1.165000000000000036e+00 9.913976313712488109e-01
1.174999999999999822e+00 9.990893244163693288e-01
1.185000000000000053e+00 9.801188512885246062e-01
1.194999999999999840e+00 9.787143984492134852e-01
1.205000000000000071e+00 9.802951144607493505e-01
1.214999999999999858e+00 9.863214581308309414e-01
1.225000000000000089e+00 9.772351834363911527e-01
1.234999999999999876e+00 9.787969174509633108e-01
1.245000000000000107e+00 9.880474757152555298e-01
1.254999999999999893e+00 9.898848874625832961e-01
1.265000000000000124e+00 9.808946341721214157e-01
1.274999999999999911e+00 9.841437316689916059e-01
1.285000000000000142e+00 9.885015754687934697e-01
1.294999999999999929e+00 9.882281434831798883e-01
1.305000000000000160e+00 9.932531456526831892e-01
1.314999999999999947e+00 9.916991595078218369e-01
1.325000000000000178e+00 9.926645411790400164e-01
1.334999999999999964e+00 9.982836869213191910e-01
1.345000000000000195e+00 9.962956074554569774e-01
1.354999999999999982e+00 1.000063584242725678e+00
1.365000000000000213e+00 9.998230426676908422e-01
1.375000000000000000e+00 9.963136297731362001e-01
1.385000000000000231e+00 1.006801114101358197e+00
1.395000000000000018e+00 1.000543934248061095e+00
1.405000000000000027e+00 1.011287020791681979e+00
1.415000000000000036e+00 1.005030319145318707e+00
1.424999999999999822e+00 1.001247899569375877e+00
1.435000000000000053e+00 1.009003481741011399e+00
1.444999999999999840e+00 1.006580066283172092e+00
1.455000000000000071e+00 1.009211547339813997e+00
1.464999999999999858e+00 1.005225114203070591e+00
1.475000000000000089e+00 1.008416092547012033e+00
1.484999999999999876e+00 1.004548976528284010e+00
1.495000000000000107e+00 1.011363983869795868e+00
1.504999999999999893e+00 1.010129231363541047e+00
1.515000000000000124e+00 1.008072139905102693e+00
1.524999999999999911e+00 1.005674899108419229e+00
1.535000000000000142e+00 1.004683124224985180e+00
1.544999999999999929e+00 1.004380584893659556e+00
1.555000000000000160e+00 1.004213650774653521e+00
1.564999999999999947e+00 1.000876294138803191e+00
1.575000000000000178e+00 1.008399395718909686e+00
1.584999999999999964e+00 1.001156694923658108e+00
1.595000000000000195e+00 1.003078355676047417e+00
1.604999999999999982e+00 1.002369734832749826e+00
1.615000000000000213e+00 9.991571415579042492e-01
1.625000000000000000e+00 9.993954546973190523e-01
1.635000000000000231e+00 1.000803001956877214e+00
1.645000000000000018e+00 1.004656687098592904e+00
1.655000000000000249e+00 9.982230951939815577e-01
1.665000000000000036e+00 9.913375339553412990e-01
1.674999999999999822e+00 9.990164021910759029e-01
1.685000000000000053e+00 9.986916609753813123e-01
1.694999999999999840e+00 9.997785947271728979e-01
1.705000000000000071e+00 9.954373162237534212e-01
1.714999999999999858e+00 9.976930683326217242e-01
1.725000000000000089e+00 9.991526579017016019e-01
1.734999999999999876e+00 9.959712089835964788e-01
1.745000000000000107e+00 9.988942597790315681e-01
1.754999999999999893e+00 9.944408704863768600e-01
1.765000000000000124e+00 1.001297243576276363e+00
1.774999999999999911e+00 1.000181564607917739e+00
1.785000000000000142e+00 9.974591047647868303e-01
1.794999999999999929e+00 9.968009929302134031e-01
1.805000000000000160e+00 9.987420550514991557e-01
1.814999999999999947e+00 1.001253490349631958e+00
1.825000000000000178e+00 9.984200820640062313e-01
1.834999999999999964e+00 9.996182345780493250e-01
1.845000000000000195e+00 9.976375226980307431e-01
1.854999999999999982e+00 1.001644771405574064e+00
1.865000000000000213e+00 1.004724371207250000e+00
1.875000000000000000e+00 1.002697684306058212e+00
1.885000000000000231e+00 1.003707837249683044e+00
1.895000000000000018e+00 1.005194842806486744e+00
1.905000000000000249e+00 9.976701784610628732e-01
1.915000000000000036e+00 1.003954819376161600e+00
1.924999999999999822e+00 1.006910081664707857e+00
1.935000000000000053e+00 9.989409297310991587e-01
1.944999999999999840e+00 1.002198980451314059e+00
1.955000000000000071e+00 1.001468015117076948e+00
1.964999999999999858e+00 9.994318004147748624e-01
1.975000000000000089e+00 1.002661851403667814e+00
1.984999999999999876e+00 1.002501073437306323e+00
1.995000000000000107e+00 1.005791867230208858e+00
