5.000000000000000104e-03 0.000000000000000000e+00
1.499999999999999944e-02 0.000000000000000000e+00
2.500000000000000139e-02 0.000000000000000000e+00
3.500000000000000333e-02 0.000000000000000000e+00
4.499999999999999833e-02 0.000000000000000000e+00
5.500000000000000028e-02 0.000000000000000000e+00
6.500000000000000222e-02 0.000000000000000000e+00
7.500000000000001110e-02 0.000000000000000000e+00
8.499999999999999223e-02 0.000000000000000000e+00
9.500000000000000111e-02 0.000000000000000000e+00
1.050000000000000100e-01 0.000000000000000000e+00
1.149999999999999911e-01 0.000000000000000000e+00
1.250000000000000000e-01 0.000000000000000000e+00
1.350000000000000089e-01 0.000000000000000000e+00
1.450000000000000178e-01 0.000000000000000000e+00
1.549999999999999989e-01 0.000000000000000000e+00
1.650000000000000078e-01 0.000000000000000000e+00
1.749999999999999889e-01 0.000000000000000000e+00
1.849999999999999978e-01 0.000000000000000000e+00
1.950000000000000067e-01 0.000000000000000000e+00
2.050000000000000155e-01 0.000000000000000000e+00
2.149999999999999967e-01 0.000000000000000000e+00
2.250000000000000056e-01 0.000000000000000000e+00
2.349999999999999867e-01 0.000000000000000000e+00
2.449999999999999956e-01 0.000000000000000000e+00
2.550000000000000044e-01 0.000000000000000000e+00
2.650000000000000133e-01 0.000000000000000000e+00
2.750000000000000222e-01 0.000000000000000000e+00
2.850000000000000311e-01 0.000000000000000000e+00
2.949999999999999845e-01 0.000000000000000000e+00
3.049999999999999933e-01 0.000000000000000000e+00
3.150000000000000022e-01 1.863314937667857234e-03
3.250000000000000111e-01 1.545200458945963744e-02
3.350000000000000200e-01 7.021703011812834017e-02
3.450000000000000289e-01 1.990457722074247537e-01
3.549999999999999822e-01 3.876673723207472722e-01
3.649999999999999911e-01 5.968553021492072341e-01
3.750000000000000000e-01 7.880111026913406702e-01
3.850000000000000089e-01 9.500716664603757744e-01
3.950000000000000178e-01 1.032072545641409045e+00
4.050000000000000266e-01 1.112418472336881958e+00
4.150000000000000355e-01 1.147155226401777028e+00
4.249999999999999889e-01 1.161227862102981012e+00
4.349999999999999978e-01 1.164116003924219767e+00
4.450000000000000067e-01 1.166701579849532822e+00
4.550000000000000155e-01 1.159961419771669000e+00
4.650000000000000244e-01 1.158406582602396151e+00
4.749999999999999778e-01 1.147193109833592572e+00
4.849999999999999867e-01 1.152172901983539388e+00
4.949999999999999956e-01 1.129198727638732969e+00
5.050000000000000044e-01 1.145123444915931765e+00
5.150000000000000133e-01 1.132288489413495913e+00
5.250000000000000222e-01 1.118318926482553044e+00
5.350000000000000311e-01 1.111453686047631617e+00
5.450000000000000400e-01 1.114745446689341613e+00
5.550000000000000488e-01 1.098844694691625268e+00
5.650000000000000577e-01 1.097861487417142623e+00
5.749999999999999556e-01 1.081837604407533737e+00
5.849999999999999645e-01 1.093477493697511571e+00
5.949999999999999734e-01 1.082425072932562848e+00
6.049999999999999822e-01 1.078781036190461284e+00
6.149999999999999911e-01 1.074563718372396615e+00
6.250000000000000000e-01 1.080736485836869321e+00
6.350000000000000089e-01 1.067695919372082525e+00
6.450000000000000178e-01 1.040884659051519723e+00
6.550000000000000266e-01 1.033137982630574880e+00
6.650000000000000355e-01 1.011715090578771070e+00
6.750000000000000444e-01 9.982355319507388858e-01
6.850000000000000533e-01 9.802687768415060399e-01
6.950000000000000622e-01 9.691324288513957219e-01
7.050000000000000711e-01 9.605765222342989018e-01
7.149999999999999689e-01 9.542369717244070237e-01
7.249999999999999778e-01 9.533014156366859115e-01
7.349999999999999867e-01 9.460322135398687715e-01
7.449999999999999956e-01 9.445509341541165060e-01
7.550000000000000044e-01 9.466746009265197825e-01
7.650000000000000133e-01 9.432119478801618273e-01
7.750000000000000222e-01 9.508214952502092032e-01
7.850000000000000311e-01 9.540872731909365578e-01
7.950000000000000400e-01 9.599354753829855147e-01
8.050000000000000488e-01 9.622487527975227550e-01
8.150000000000000577e-01 9.748342255400590517e-01
8.250000000000000666e-01 9.732095892413102911e-01
8.349999999999999645e-01 9.780034196309217442e-01
8.449999999999999734e-01 9.862548440311896814e-01
8.549999999999999822e-01 9.957388511905981288e-01
8.649999999999999911e-01 9.920479415347914776e-01
8.750000000000000000e-01 9.966839882479605617e-01
8.850000000000000089e-01 1.004782114572313922e+00
8.950000000000000178e-01 1.003643203403805195e+00
9.050000000000000266e-01 1.010272786095305797e+00
9.150000000000000355e-01 1.007685081416124673e+00
9.250000000000000444e-01 1.014167982207527796e+00
9.350000000000000533e-01 1.006878153509603635e+00
9.450000000000000622e-01 1.020573080344314043e+00
9.550000000000000711e-01 1.013091047085653118e+00
9.649999999999999689e-01 1.022466154163252705e+00
9.749999999999999778e-01 1.015195459587326932e+00
9.849999999999999867e-01 1.018693138860196301e+00
9.949999999999999956e-01 1.014426778970027199e+00
1.004999999999999893e+00 1.021749210134144104e+00
1.015000000000000124e+00 1.020170723277765923e+00
1.024999999999999911e+00 1.013136795676282675e+00
1.035000000000000142e+00 1.017170291588427311e+00
1.044999999999999929e+00 1.010501040334584211e+00
1.055000000000000160e+00 1.009291155226193171e+00
1.064999999999999947e+00 1.009314312826511184e+00
1.075000000000000178e+00 1.008952282503750242e+00
1.084999999999999964e+00 1.006612269611189658e+00
1.095000000000000195e+00 1.010086255251341436e+00
1.104999999999999982e+00 1.003301804439742151e+00
1.115000000000000213e+00 1.001371820258688983e+00
1.125000000000000000e+00 1.000666463669563688e+00
1.135000000000000231e+00 1.002899010686146841e+00
1.145000000000000018e+00 9.971880402692941958e-01
1.155000000000000027e+00 9.949887502039573839e-01
1.165000000000000036e+00 9.992710862802605121e-01
1.174999999999999822e+00 9.919542915688918105e-01
1.185000000000000053e+00 9.943988188012755636e-01
1.194999999999999840e+00 9.952209728322847226e-01
1.205000000000000071e+00 9.941357320733608116e-01
1.214999999999999858e+00 9.952662644041005979e-01
1.225000000000000089e+00 9.935847529401443667e-01
1.234999999999999876e+00 9.921279589030232993e-01
1.245000000000000107e+00 9.947482639664634307e-01
1.254999999999999893e+00 9.979690337372952857e-01
1.265000000000000124e+00 9.981948831792678556e-01
1.274999999999999911e+00 9.944118979750230514e-01
1.285000000000000142e+00 9.942009048648556835e-01
1.294999999999999929e+00 9.972919453593298567e-01
1.305000000000000160e+00 1.001002991154006372e+00
1.314999999999999947e+00 9.960721339396193530e-01
1.325000000000000178e+00 9.979813752426919260e-01
1.334999999999999964e+00 1.000430195042449899e+00
1.345000000000000195e+00 1.001427300292681011e+00
1.354999999999999982e+00 1.000438634131948001e+00
1.365000000000000213e+00 1.000059159905054784e+00
1.375000000000000000e+00 1.003415895283650272e+00
1.385000000000000231e+00 1.003557014110064260e+00
1.395000000000000018e+00 1.000645502333599390e+00
1.405000000000000027e+00 1.003825912461982828e+00
1.415000000000000036e+00 1.004616343766085995e+00
1.424999999999999822e+00 1.001373495141323788e+00
1.435000000000000053e+00 1.001659104558618063e+00
1.444999999999999840e+00 1.003944832096779871e+00
1.455000000000000071e+00 1.002145994327330314e+00
1.464999999999999858e+00 9.999401158043638160e-01
1.475000000000000089e+00 9.996916240628900274e-01
1.484999999999999876e+00 1.006879354363541257e+00
1.495000000000000107e+00 1.000534991522959771e+00
1.504999999999999893e+00 1.007134120668724320e+00
1.515000000000000124e+00 1.003474690026509464e+00
1.524999999999999911e+00 1.000496010595208984e+00
1.535000000000000142e+00 1.003414010927038857e+00
1.544999999999999929e+00 1.001952570554878852e+00
1.555000000000000160e+00 1.001371138655298587e+00
1.564999999999999947e+00 1.001581774578761408e+00
1.575000000000000178e+00 1.002757594283368636e+00
1.584999999999999964e+00 1.000819145388013531e+00
1.595000000000000195e+00 1.001439273232334504e+00
1.604999999999999982e+00 1.002085097271621539e+00
1.615000000000000213e+00 1.001936597993360989e+00
1.625000000000000000e+00 9.996779580512358265e-01
1.635000000000000231e+00 9.989593095218369800e-01
1.645000000000000018e+00 1.001301454018796111e+00
1.655000000000000249e+00 9.982812905780548141e-01
1.665000000000000036e+00 9.998036045180184184e-01
1.674999999999999822e+00 1.001970727311295217e+00
1.685000000000000053e+00 9.990307562281409703e-01
1.694999999999999840e+00 9.996299053351881403e-01
1.705000000000000071e+00 9.998217006873966195e-01
1.714999999999999858e+00 9.989460485286434377e-01
1.725000000000000089e+00 9.999711788438384596e-01
1.734999999999999876e+00 9.988941817801542111e-01
1.745000000000000107e+00 1.000625906544661436e+00
1.754999999999999893e+00 9.994277311166260835e-01
1.765000000000000124e+00 1.002615321644529489e+00
1.774999999999999911e+00 1.002085874430624690e+00
1.785000000000000142e+00 9.999624778610295417e-01
1.794999999999999929e+00 1.000465847967707766e+00
1.805000000000000160e+00 9.991256266087039650e-01
1.814999999999999947e+00 1.001652201802318176e+00
1.825000000000000178e+00 9.989905553175802977e-01
1.834999999999999964e+00 1.002235095721927260e+00
1.845000000000000195e+00 1.002380114484115126e+00
1.854999999999999982e+00 9.995324411515442709e-01
1.865000000000000213e+00 1.002361499989431914e+00
1.875000000000000000e+00 9.994422665571788267e-01
1.885000000000000231e+00 1.002107221911172186e+00
1.895000000000000018e+00 9.999002318953181812e-01
1.905000000000000249e+00 1.000103528930147201e+00
1.915000000000000036e+00 1.002339631603924586e+00
1.924999999999999822e+00 9.998159909430046621e-01
1.935000000000000053e+00 1.000858367743572730e+00
1.944999999999999840e+00 1.003763041339155171e+00
1.955000000000000071e+00 1.002388868430195590e+00
1.964999999999999858e+00 9.990586119252734543e-01
1.975000000000000089e+00 9.990559302360831895e-01
1.984999999999999876e+00 1.003768099851772622e+00
1.995000000000000107e+00 1.000806481955584193e+00
