5.000000000000000104e-03 0.000000000000000000e+00
1.499999999999999944e-02 0.000000000000000000e+00
2.500000000000000139e-02 0.000000000000000000e+00
3.500000000000000333e-02 0.000000000000000000e+00
4.499999999999999833e-02 0.000000000000000000e+00
5.500000000000000028e-02 0.000000000000000000e+00
6.500000000000000222e-02 0.000000000000000000e+00
7.500000000000001110e-02 0.000000000000000000e+00
8.499999999999999223e-02 0.000000000000000000e+00
9.500000000000000111e-02 0.000000000000000000e+00
1.050000000000000100e-01 0.000000000000000000e+00
1.149999999999999911e-01 0.000000000000000000e+00
1.250000000000000000e-01 0.000000000000000000e+00
1.350000000000000089e-01 0.000000000000000000e+00
1.450000000000000178e-01 0.000000000000000000e+00
1.549999999999999989e-01 0.000000000000000000e+00
1.650000000000000078e-01 0.000000000000000000e+00
1.749999999999999889e-01 0.000000000000000000e+00
1.849999999999999978e-01 0.000000000000000000e+00
1.950000000000000067e-01 0.000000000000000000e+00
2.050000000000000155e-01 0.000000000000000000e+00
2.149999999999999967e-01 0.000000000000000000e+00
2.250000000000000056e-01 0.000000000000000000e+00
2.349999999999999867e-01 0.000000000000000000e+00
2.449999999999999956e-01 0.000000000000000000e+00
2.550000000000000044e-01 0.000000000000000000e+00
2.650000000000000133e-01 0.000000000000000000e+00
2.750000000000000222e-01 0.000000000000000000e+00
2.850000000000000311e-01 0.000000000000000000e+00
2.949999999999999845e-01 0.000000000000000000e+00
3.049999999999999933e-01 0.000000000000000000e+00
3.150000000000000022e-01 3.855134353795566598e-04
3.250000000000000111e-01 4.647673255423406986e-03
3.350000000000000200e-01 2.675746050617997321e-02
3.450000000000000289e-01 8.623888408341061351e-02
3.549999999999999822e-01 1.944660549655425341e-01
3.649999999999999911e-01 3.168042094473822456e-01
3.750000000000000000e-01 4.672029465067755738e-01
3.850000000000000089e-01 5.959024296967604384e-01
3.950000000000000178e-01 7.068861292731019041e-01
4.050000000000000266e-01 8.240424757518396426e-01
4.150000000000000355e-01 9.103055059126015092e-01
4.249999999999999889e-01 9.959987411076605124e-01
4.349999999999999978e-01 1.070515012349647188e+00
4.450000000000000067e-01 1.133024127176226248e+00
4.550000000000000155e-01 1.173665995154607788e+00
4.650000000000000244e-01 1.229380584646991403e+00
4.749999999999999778e-01 1.257766961073310874e+00
4.849999999999999867e-01 1.292901275633171032e+00
4.949999999999999956e-01 1.321674600722512860e+00
5.050000000000000044e-01 1.338152396933133481e+00
5.150000000000000133e-01 1.333904207657115926e+00
5.250000000000000222e-01 1.326414842557370299e+00
5.350000000000000311e-01 1.312979289255763016e+00
5.450000000000000400e-01 1.274019328196599465e+00
5.550000000000000488e-01 1.248208254826776331e+00
5.650000000000000577e-01 1.215261244058060353e+00
5.749999999999999556e-01 1.184467546130473004e+00
5.849999999999999645e-01 1.152852764554580745e+00
5.949999999999999734e-01 1.132221344776872529e+00
6.049999999999999822e-01 1.110936657653179394e+00
6.149999999999999911e-01 1.079654599899551259e+00
6.250000000000000000e-01 1.067744078866543989e+00
6.350000000000000089e-01 1.052816737745858822e+00
6.450000000000000178e-01 1.034141391434942880e+00
6.550000000000000266e-01 1.012510592709960022e+00
6.650000000000000355e-01 9.906220737413323763e-01
6.750000000000000444e-01 9.756917954683299588e-01
6.850000000000000533e-01 9.726187072376446530e-01
6.950000000000000622e-01 9.540186093058380390e-01
7.050000000000000711e-01 9.487747247094854286e-01
7.149999999999999689e-01 9.399942565724141996e-01
7.249999999999999778e-01 9.331897761516925183e-01
7.349999999999999867e-01 9.252838742631607216e-01
7.449999999999999956e-01 9.234138729695040571e-01
7.550000000000000044e-01 9.289907247501311138e-01
7.650000000000000133e-01 9.261398933340663220e-01
7.750000000000000222e-01 9.243997613920226231e-01
7.850000000000000311e-01 9.295035816854745336e-01
7.950000000000000400e-01 9.284608580893318752e-01
8.050000000000000488e-01 9.332041892161496710e-01
8.150000000000000577e-01 9.436375337345015435e-01
8.250000000000000666e-01 9.521322807824311729e-01
8.349999999999999645e-01 9.592294264706729967e-01
8.449999999999999734e-01 9.637524926567218042e-01
8.549999999999999822e-01 9.703233771232803173e-01
8.649999999999999911e-01 9.884178431565728840e-01
8.750000000000000000e-01 9.889891944581900018e-01
8.850000000000000089e-01 9.970160131107289603e-01
8.950000000000000178e-01 9.977848836370875052e-01
9.050000000000000266e-01 1.008793684956743153e+00
9.150000000000000355e-01 1.011553763560618213e+00
9.250000000000000444e-01 1.017834242161723246e+00
9.350000000000000533e-01 1.013945270213217453e+00
9.450000000000000622e-01 1.024878301741837694e+00
9.550000000000000711e-01 1.019550669122758713e+00
9.649999999999999689e-01 1.025109017092284747e+00
9.749999999999999778e-01 1.028240709841006018e+00
9.849999999999999867e-01 1.036942410521743740e+00
9.949999999999999956e-01 1.034378365864369043e+00
1.004999999999999893e+00 1.031319152939339734e+00
1.015000000000000124e+00 1.027411682670116067e+00
1.024999999999999911e+00 1.026123783862495253e+00
1.035000000000000142e+00 1.024544800010380285e+00
1.044999999999999929e+00 1.025465414504741934e+00
1.055000000000000160e+00 1.022506706112496166e+00
1.064999999999999947e+00 1.016217375367382880e+00
1.075000000000000178e+00 1.010883333894491809e+00
1.084999999999999964e+00 1.013452750715043260e+00
1.095000000000000195e+00 1.010548885306338907e+00
1.104999999999999982e+00 1.003949304797560504e+00
1.115000000000000213e+00 1.005787487653852841e+00
1.125000000000000000e+00 1.000404499866414998e+00
1.135000000000000231e+00 9.990929329427725714e-01
1.145000000000000018e+00 9.974895656005501321e-01
1.155000000000000027e+00 9.959064072317177496e-01
1.165000000000000036e+00 9.972510471329604220e-01
1.174999999999999822e+00 9.919081101265133649e-01
1.185000000000000053e+00 9.922829317230745794e-01
1.194999999999999840e+00 9.867779292406191338e-01
1.205000000000000071e+00 9.914440129754766851e-01
1.214999999999999858e+00 9.900833732752143401e-01
1.225000000000000089e+00 9.914008447475951558e-01
1.234999999999999876e+00 9.857487901178731970e-01
1.245000000000000107e+00 9.934813254880275890e-01
1.254999999999999893e+00 9.900549095675096334e-01
1.265000000000000124e+00 9.908476562863203219e-01
1.274999999999999911e+00 9.924978929492999091e-01
1.285000000000000142e+00 9.939460568024302001e-01
1.294999999999999929e+00 9.922695954103391003e-01
1.305000000000000160e+00 9.952561250455371766e-01
1.314999999999999947e+00 9.948037501246629333e-01
1.325000000000000178e+00 9.991689467855977558e-01
1.334999999999999964e+00 9.954860713367787994e-01
1.345000000000000195e+00 9.986781791298824373e-01
1.354999999999999982e+00 9.991051234147133586e-01
1.365000000000000213e+00 1.001010472832405629e+00
1.375000000000000000e+00 1.003156220808669508e+00
1.385000000000000231e+00 1.001924992495591527e+00
1.395000000000000018e+00 1.001890530478907859e+00
1.405000000000000027e+00 1.006952472142999655e+00
1.415000000000000036e+00 1.007189359969317355e+00
1.424999999999999822e+00 1.004036121266621340e+00
1.435000000000000053e+00 1.004832792000419639e+00
1.444999999999999840e+00 1.007071691664411128e+00
1.455000000000000071e+00 1.004218074665177207e+00
1.464999999999999858e+00 1.006146052653660528e+00
1.475000000000000089e+00 1.004550599120556997e+00
1.484999999999999876e+00 1.002767943344017754e+00
1.495000000000000107e+00 1.006674083074696302e+00
1.504999999999999893e+00 1.004986311025730661e+00
1.515000000000000124e+00 1.003174675170383612e+00
1.524999999999999911e+00 1.003884632195170656e+00
1.535000000000000142e+00 1.002131367636577064e+00
1.544999999999999929e+00 1.001020362629428284e+00
1.555000000000000160e+00 1.002945331359616610e+00
1.564999999999999947e+00 1.003417065022195187e+00
1.575000000000000178e+00 9.998120341716918436e-01
1.584999999999999964e+00 9.993598146887975320e-01
1.595000000000000195e+00 9.998879092680251768e-01
1.604999999999999982e+00 9.966893591563185106e-01
1.615000000000000213e+00 1.000667875134959806e+00
1.625000000000000000e+00 1.001146009668171022e+00
1.635000000000000231e+00 1.001602014849165112e+00
1.645000000000000018e+00 9.990630611635945568e-01
1.655000000000000249e+00 1.002978821980451629e+00
1.665000000000000036e+00 1.001300863941083641e+00
1.674999999999999822e+00 9.990414003267085175e-01
1.685000000000000053e+00 1.000894657286356404e+00
1.694999999999999840e+00 1.001103483787097126e+00
1.705000000000000071e+00 9.999182053979520646e-01
1.714999999999999858e+00 1.000333431444653698e+00
1.725000000000000089e+00 9.996626264468025935e-01
1.734999999999999876e+00 9.986696635798388844e-01
1.745000000000000107e+00 9.975646398320243691e-01
1.754999999999999893e+00 9.992704038406199363e-01
1.765000000000000124e+00 1.001745471987685487e+00
1.774999999999999911e+00 9.994105316191278510e-01
1.785000000000000142e+00 1.000370701771208237e+00
1.794999999999999929e+00 9.998246962224872636e-01
1.805000000000000160e+00 9.990434327035886408e-01
1.814999999999999947e+00 9.999296134873145725e-01
1.825000000000000178e+00 9.990920153257663028e-01
1.834999999999999964e+00 1.000487365739438639e+00
1.845000000000000195e+00 1.000552006433870877e+00
1.854999999999999982e+00 1.000212463259639861e+00
1.865000000000000213e+00 9.998923087323324799e-01
1.875000000000000000e+00 1.000281964840037396e+00
1.885000000000000231e+00 1.001651441310295709e+00
1.895000000000000018e+00 1.001253180759942740e+00
1.905000000000000249e+00 1.002106431121306818e+00
1.915000000000000036e+00 1.001997121387422363e+00
1.924999999999999822e+00 1.003572090881272416e+00
1.935000000000000053e+00 1.001105284716759858e+00
1.944999999999999840e+00 1.001351219000253590e+00
1.955000000000000071e+00 1.000388681614200470e+00
1.964999999999999858e+00 1.001951648357160440e+00
1.975000000000000089e+00 1.000226301748318392e+00
1.984999999999999876e+00 1.003070668964627155e+00
1.995000000000000107e+00 1.000612641461294361e+00
